trajectories-noshield/PPO-model/trajectories-5.yaml: [0.002936378466557912, 0.005383360522022838, 0.9916802610114193] (num: 2999, min: -1.0, max: 34106.00000007948, mean: 89.19296201465848, median: 15.0, std: 744.039837995204)
trajectories-noshield/PPO-model/trajectories-4.yaml: [0.0011290322580645162, 0.0032258064516129032, 0.9956451612903225] (num: 2949, min: 0.7901105779261496, max: 32830.66666666545, mean: 155.10417052253248, median: 22.0, std: 993.7400866159494)
trajectories-noshield/PPO-model/trajectories-3.yaml: [0.0019672131147540984, 0.006557377049180328, 0.9914754098360655] (num: 3053, min: -1.0, max: 45989.0000001071, mean: 121.04514691230916, median: 17.0, std: 1283.1842918095529)
trajectories-noshield/PPO-model/trajectories-2.yaml: [0.002290950744558992, 0.007200130911471117, 0.9905089183439699] (num: 2948, min: 0.0, max: 14937.99999998162, mean: 92.12110178432975, median: 17.0, std: 457.75952375391796)
trajectories-noshield/PPO-model/trajectories-1.yaml: [0.0021203718806067527, 0.004403849290490948, 0.9934757788289023] (num: 2947, min: 0.10042423592789154, max: 32417.99999996016, mean: 135.38159238807359, median: 16.0, std: 1102.793008874279)
