single-lane/adversary/trajectories-noshield/DQN-model/trajectories-5.yaml: [0.48717948717948717, 0.23205128205128206, 0.28076923076923077] (num: 780, min: -1.0, max: 23.853941908713725, mean: 3.4080277258080396, median: 1.0, std: 5.248902577671617)
single-lane/adversary/trajectories-noshield/DQN-model/trajectories-4.yaml: [0.4838709677419355, 0.2270967741935484, 0.28903225806451616] (num: 775, min: -1.0, max: 25.709583736689215, mean: 3.312845708227617, median: 1.0, std: 5.167628698933373)
single-lane/adversary/trajectories-noshield/DQN-model/trajectories-3.yaml: [0.4839124839124839, 0.22908622908622908, 0.287001287001287] (num: 777, min: -1.0, max: 25.102425876010784, mean: 3.49884030964958, median: 1.0, std: 5.530990041146836)
single-lane/adversary/trajectories-noshield/DQN-model/trajectories-2.yaml: [0.4878361075544174, 0.23175416133162613, 0.28040973111395645] (num: 781, min: -1.0, max: 24.502982107355866, mean: 3.322676060784507, median: 1.0, std: 5.098560651796015)
single-lane/adversary/trajectories-noshield/DQN-model/trajectories-1.yaml: [0.4851994851994852, 0.22393822393822393, 0.2908622908622909] (num: 777, min: -1.0, max: 27.31552917903067, mean: 3.4028985532030096, median: 1.0, std: 5.306073816457413)
