trajectories-noshield/DQN-model/trajectories-5.yaml: [0.004877255730775484, 0.008616485124370021, 0.9865062591448545] (num: 3046, min: -1.0, max: 11125.000000006052, mean: 62.97476457674833, median: 12.0, std: 371.5886052365813)
trajectories-noshield/DQN-model/trajectories-4.yaml: [0.005226196308998857, 0.007675975828842071, 0.987097827862159] (num: 3076, min: 0.0, max: 17205.000000040025, mean: 63.5895088019118, median: 13.0, std: 476.5719946941992)
trajectories-noshield/DQN-model/trajectories-3.yaml: [0.0046022353714661405, 0.005917159763313609, 0.9894806048652203] (num: 2963, min: -1.0, max: 30733.999999998872, mean: 116.28723647242663, median: 13.0, std: 995.2620528569043)
trajectories-noshield/DQN-model/trajectories-2.yaml: [0.003909431503502199, 0.008470434924254765, 0.987620133572243] (num: 3011, min: 0.0, max: 49649.00125028246, mean: 118.41272009854761, median: 13.0, std: 1284.9582445695928)
trajectories-noshield/DQN-model/trajectories-1.yaml: [0.003578981617048967, 0.007157963234097934, 0.9892630551488532] (num: 3019, min: 0.0, max: 10061.333333333056, mean: 64.86435634214754, median: 13.0, std: 304.7429372068465)
