single-lane/trajectories-noshield/DQN-model/trajectories-5.yaml: [0.0, 0.0004838709677419355, 0.9995161290322581] (num: 3835, min: 1.8535861500412187, max: 649.8283582089533, mean: 7.771769434254336, median: 6.0, std: 12.413576518159866)
single-lane/trajectories-noshield/DQN-model/trajectories-4.yaml: [0.0, 0.0004838709677419355, 0.9995161290322581] (num: 3872, min: 1.7091431468649605, max: 3634.0833333334654, mean: 9.085581119016858, median: 6.0, std: 59.00350117273469)
single-lane/trajectories-noshield/DQN-model/trajectories-3.yaml: [0.0, 0.0004838709677419355, 0.9995161290322581] (num: 3873, min: 1.688464010282779, max: 120.99887005649721, mean: 7.663207235792255, median: 6.0, std: 6.245273105051065)
single-lane/trajectories-noshield/DQN-model/trajectories-2.yaml: [0.0, 0.0003225806451612903, 0.9996774193548387] (num: 3911, min: 1.8464715388759234, max: 366.43277310924447, mean: 8.594556303011846, median: 6.0, std: 12.297721812870435)
single-lane/trajectories-noshield/DQN-model/trajectories-1.yaml: [0.0, 0.0004838709677419355, 0.9995161290322581] (num: 3854, min: 1.7417053749170532, max: 198.1752921535892, mean: 7.991152653495233, median: 6.0, std: 8.83953890194082)
