adversary/trajectories-withshield/PPO-model/trajectories-5.yaml: [0.004608294930875576, 0.008229098090849244, 0.9871626069782752] (num: 3248, min: -1.0, max: 28340.999999965486, mean: 106.92745072292072, median: 10.0, std: 980.2910914218332)
adversary/trajectories-withshield/PPO-model/trajectories-4.yaml: [0.003938946331856229, 0.006072542261611686, 0.9899885114065321] (num: 3240, min: -1.0, max: 12977.999999984035, mean: 63.88345243042427, median: 10.0, std: 389.511583262368)
adversary/trajectories-withshield/PPO-model/trajectories-3.yaml: [0.004947229551451188, 0.005936675461741424, 0.9891160949868074] (num: 3346, min: -1.0, max: 11520.000000006366, mean: 80.15213131163429, median: 11.0, std: 411.39524383312875)
adversary/trajectories-withshield/PPO-model/trajectories-2.yaml: [0.0024449877750611247, 0.0052159739201303994, 0.9923390383048085] (num: 3400, min: -1.0, max: 27789.999999965545, mean: 109.30423800733807, median: 10.0, std: 933.5599425837997)
adversary/trajectories-withshield/PPO-model/trajectories-1.yaml: [0.0037465385241896073, 0.005375468317315524, 0.9908779931584949] (num: 3368, min: -1.0, max: 25372.999999969037, mean: 83.37481362509631, median: 10.0, std: 689.2125870132809)
