adversary/trajectories-withshield/DQN-model/trajectories-5.yaml: [0.0022580645161290325, 0.00532258064516129, 0.9924193548387097] (num: 3243, min: -1.0, max: 28509.999999965148, mean: 146.42398835789228, median: 12.0, std: 1049.740847678476)
adversary/trajectories-withshield/DQN-model/trajectories-4.yaml: [0.004089645018812367, 0.0050711598233273356, 0.9908391951578603] (num: 3233, min: -1.0, max: 12422.00000000691, mean: 87.89477040192004, median: 12.0, std: 405.69704195275557)
adversary/trajectories-withshield/DQN-model/trajectories-3.yaml: [0.002589834898025251, 0.00534153447717708, 0.9920686306247977] (num: 3346, min: 2.529965954850443e-14, max: 27026.99999996747, mean: 102.46497902555195, median: 14.0, std: 728.169336746365)
adversary/trajectories-withshield/DQN-model/trajectories-2.yaml: [0.0024193548387096775, 0.005161290322580645, 0.9924193548387097] (num: 3366, min: 0.2715061126047168, max: 29060.999999964406, mean: 146.57558918697484, median: 15.0, std: 999.8262207097634)
adversary/trajectories-withshield/DQN-model/trajectories-1.yaml: [0.0029239766081871343, 0.005523066926575698, 0.9915529564652371] (num: 3429, min: -1.0, max: 13116.500000007243, mean: 87.14998907554254, median: 15.0, std: 485.9877271372236)
