trajectories-withshield/DQN-model/trajectories-5.yaml: [0.0024193548387096775, 0.002096774193548387, 0.9954838709677419] (num: 2884, min: 0.3344317667466756, max: 9343.666666666315, mean: 88.47085801110117, median: 17.0, std: 434.66415955291797)
trajectories-withshield/DQN-model/trajectories-4.yaml: [0.0017741935483870969, 0.002096774193548387, 0.9961290322580645] (num: 2872, min: 0.5558212189470711, max: 14963.000000008244, mean: 90.52427315151199, median: 18.0, std: 456.97994383913823)
trajectories-withshield/DQN-model/trajectories-3.yaml: [0.001935483870967742, 0.005483870967741935, 0.9925806451612903] (num: 2882, min: 0.5241655167757069, max: 28281.999999965417, mean: 143.2167226947704, median: 17.0, std: 1076.6266764645275)
trajectories-withshield/DQN-model/trajectories-2.yaml: [0.0017741935483870969, 0.003709677419354839, 0.9945161290322581] (num: 2863, min: 0.3088631107665827, max: 15033.499999981574, mean: 94.99945911577564, median: 18.0, std: 503.46583099300153)
trajectories-withshield/DQN-model/trajectories-1.yaml: [0.0012903225806451613, 0.0027419354838709676, 0.9959677419354839] (num: 2854, min: 0.5136866043122258, max: 29357.99999996418, mean: 125.47797184880619, median: 17.0, std: 916.5492556824158)
