single-lane/adversary/trajectories-noshield/PPO-model/trajectories-5.yaml: [0.4910941475826972, 0.23155216284987276, 0.27735368956743] (num: 786, min: -1.0, max: 27.9874152952565, mean: 3.4311405162172792, median: 1.0, std: 5.3983237662098045)
single-lane/adversary/trajectories-noshield/PPO-model/trajectories-4.yaml: [0.48717948717948717, 0.22564102564102564, 0.28717948717948716] (num: 780, min: -1.0, max: 27.16568047337279, mean: 3.4213543420987045, median: 1.0, std: 5.425992978754095)
single-lane/adversary/trajectories-noshield/PPO-model/trajectories-3.yaml: [0.4865211810012837, 0.22849807445442877, 0.28498074454428757] (num: 779, min: -1.0, max: 22.924190800681426, mean: 3.361027277075003, median: 1.0, std: 5.219900692492116)
single-lane/adversary/trajectories-noshield/PPO-model/trajectories-2.yaml: [0.4838709677419355, 0.22193548387096773, 0.29419354838709677] (num: 775, min: -1.0, max: 27.09250693802037, mean: 3.4702446486153513, median: 1.0, std: 5.502292737037159)
single-lane/adversary/trajectories-noshield/PPO-model/trajectories-1.yaml: [0.4884910485933504, 0.21611253196930946, 0.29539641943734013] (num: 782, min: -1.0, max: 27.503292568203218, mean: 3.4624640024599755, median: 1.0, std: 5.446953996084293)
