adversary/trajectories-noshield/DQN-model/trajectories-5.yaml: [0.16397141782625047, 0.15795411808950732, 0.6780744640842422] (num: 1959, min: -1.0, max: 85.80198019802111, mean: 4.1010161672905365, median: 2.0, std: 6.952614612208997)
adversary/trajectories-noshield/DQN-model/trajectories-4.yaml: [0.1709901351845086, 0.16624040920716113, 0.6627694556083303] (num: 2019, min: -1.0, max: 97.02857142857634, mean: 3.9282972694997884, median: 2.0, std: 7.132141303993833)
adversary/trajectories-noshield/DQN-model/trajectories-3.yaml: [0.16013191645291316, 0.1725906925613778, 0.667277390985709] (num: 2066, min: -1.0, max: 2901.499999996566, mean: 5.885132802770198, median: 2.0, std: 64.18631504997364)
adversary/trajectories-noshield/DQN-model/trajectories-2.yaml: [0.17524644030668127, 0.171960569550931, 0.6527929901423878] (num: 2026, min: -1.0, max: 89.14244186046507, mean: 3.8091873605126336, median: 2.0, std: 6.800942666003441)
adversary/trajectories-noshield/DQN-model/trajectories-1.yaml: [0.1613141380583241, 0.162421557770395, 0.6762643041712809] (num: 1990, min: -1.0, max: 109.8044099446765, mean: 4.105448418296683, median: 2.0, std: 7.514258271804623)
