adversary/trajectories-noshield/PPO-model/trajectories-5.yaml: [0.19284467713787085, 0.22076788830715532, 0.5863874345549738] (num: 1661, min: -1.0, max: 88.47155255544835, mean: 3.7661645012368545, median: 2.0, std: 7.60238345029153)
adversary/trajectories-noshield/PPO-model/trajectories-4.yaml: [0.18896665294359818, 0.2293124742692466, 0.5817208727871552] (num: 1764, min: -1.0, max: 86.55754716981146, mean: 3.6014634258744085, median: 2.0, std: 6.928396485189382)
adversary/trajectories-noshield/PPO-model/trajectories-3.yaml: [0.18930041152263374, 0.2011888431641518, 0.6095107453132145] (num: 1576, min: -1.0, max: 72.97861842105256, mean: 3.6943917482053927, median: 2.0, std: 6.892442717520534)
adversary/trajectories-noshield/PPO-model/trajectories-2.yaml: [0.17725598526703498, 0.2136279926335175, 0.6091160220994475] (num: 1543, min: -1.0, max: 86.60287081339689, mean: 4.146642576277031, median: 2.0, std: 8.267547466078007)
adversary/trajectories-noshield/PPO-model/trajectories-1.yaml: [0.17775974025974026, 0.23741883116883117, 0.5848214285714286] (num: 1774, min: -1.0, max: 77.91617770326899, mean: 3.4908832926974975, median: 2.0, std: 7.066227028915515)
