single-lane/trajectories-noshield/PPO-model/trajectories-5.yaml: [0.0, 0.006935483870967742, 0.9930645161290322] (num: 3863, min: 1.476392746283293, max: 98.75887170154684, mean: 5.33653656878637, median: 4.0, std: 4.038446164026055)
single-lane/trajectories-noshield/PPO-model/trajectories-4.yaml: [0.0, 0.008870967741935484, 0.9911290322580645] (num: 3874, min: 1.3848567245346126, max: 249.3135135135155, mean: 5.5030536281974, median: 5.0, std: 6.647446530139798)
single-lane/trajectories-noshield/PPO-model/trajectories-3.yaml: [0.0, 0.011129032258064516, 0.9888709677419355] (num: 3886, min: 1.3351258335125817, max: 96.81300813008195, mean: 5.3988343540476205, median: 5.0, std: 3.9083547166236974)
single-lane/trajectories-noshield/PPO-model/trajectories-2.yaml: [0.0, 0.010806451612903226, 0.9891935483870967] (num: 3892, min: 1.3239984441851407, max: 64.39410187667563, mean: 5.40838407311743, median: 5.0, std: 3.6886383204821556)
single-lane/trajectories-noshield/PPO-model/trajectories-1.yaml: [0.0, 0.00967741935483871, 0.9903225806451613] (num: 3877, min: 1.3422551252847432, max: 72.31158917418462, mean: 5.274935609339321, median: 4.0, std: 3.4595080794593245)
